1666375343288
1666368283878
1666360513324
1666357163810
1666357100159
1666355554932
1666547688288
1666235073782
1666235060386
1666240077395
1666235029360
1666201273618
1666194576008
1666109471083
1666603965596
1666500925114
1666500918648
1666500909080
1666603970141
1666379108470
1666379111690
1666291786606
1666291812805
1666291514391
1666291514128
1666291513867
1666020262213
1660868705425
1666618396699
1666362384302
1666362390553
1666362392006
1666337134408
1666337146802
1666337130044
1666337139239
1666341605118
1666341319843
1666340173886
1666354299654
1666353858311
1666343927082
1666343662356
1666343653303
1666621492023
1666621487854
1666621412474
1666621384529
1666621099025
1666621033349
1666621028909
1666619018496
1666619003265
1666599832104
1666598916770
1666598914680
1666598912564
1666598909878
1666598907120
1666354381974
1666354351080
1666353857819
1666341349009
1666354354019
1666343959997
1666341353196
1666341351013
1666681714524
1666681689155
1666680707264
1666680705118
1666680660084
1666680642121
1666680630031
1666577069553
1666576806855
1666576803063
1666576786982
1666576783374
1666576780991
1666576778777
1666576772335
1666548254603
1666523294261
1666523285454
1666609490396
1666548308689
1666527813162
1666126398850
1666126395661
1666126461735
1666126465511
1666126468312
